/*--------------------------------*- C++ -*----------------------------------*\
| Analytical Design: generated OpenFOAM file                                  |
\*---------------------------------------------------------------------------*/
FoamFile
{
    version     2.0;
    format      ascii;
    class       labelList;
    object      neighbour;
}
// ************************************************************************* //

9104
(
1
2
16
3
17
3
4
18
5
19
5
6
20
7
21
7
8
22
9
23
9
10
24
11
25
11
12
26
13
27
13
14
28
15
29
15
30
31
17
18
32
19
33
19
20
34
21
35
21
22
36
23
37
23
24
38
25
39
25
26
40
27
41
27
28
42
29
43
29
30
44
31
45
31
46
47
33
34
48
35
49
35
36
50
37
51
37
38
52
39
53
39
40
54
41
55
41
42
56
43
57
43
44
58
45
59
45
46
60
47
61
47
62
63
49
50
64
51
65
51
52
66
53
67
53
54
68
55
69
55
56
70
57
71
57
58
72
59
73
59
60
74
61
75
61
62
76
63
77
63
78
79
65
66
80
67
81
67
68
82
69
83
69
70
84
71
85
71
72
86
73
87
73
74
88
75
89
75
76
90
77
91
77
78
92
79
93
79
94
95
81
82
96
83
97
83
84
98
85
99
85
86
100
87
101
87
88
102
89
103
89
90
104
91
105
91
92
106
93
107
93
94
108
95
109
95
110
111
97
98
112
99
113
99
100
114
101
115
101
102
116
103
117
103
104
118
105
119
105
106
120
107
121
107
108
122
109
123
109
110
124
111
125
111
126
127
113
114
128
115
129
115
116
130
117
131
117
118
132
119
133
119
120
134
121
135
121
122
136
123
137
123
124
138
125
139
125
126
140
127
141
127
142
143
129
130
144
131
145
131
132
146
133
147
133
134
148
135
149
135
136
150
137
151
137
138
152
139
153
139
140
154
141
155
141
142
156
143
157
143
158
159
145
146
160
147
161
147
148
162
149
163
149
150
164
151
165
151
152
166
153
167
153
154
168
155
169
155
156
170
157
171
157
158
172
159
173
159
174
175
161
162
176
163
177
163
164
178
165
179
165
166
180
167
181
167
168
182
169
183
169
170
184
171
185
171
172
186
173
187
173
174
188
175
189
175
190
191
177
178
192
179
193
179
180
194
181
195
181
182
196
183
197
183
184
198
185
199
185
186
200
187
201
187
188
202
189
203
189
190
204
191
205
191
206
207
193
194
208
195
209
195
196
210
197
211
197
198
212
199
213
199
200
214
201
215
201
202
216
203
217
203
204
218
205
219
205
206
220
207
221
207
222
223
209
210
224
211
225
211
212
226
213
227
213
214
228
215
229
215
216
230
217
231
217
218
232
219
233
219
220
234
221
235
221
222
236
223
237
223
238
239
225
226
240
227
241
227
228
242
229
243
229
230
244
231
245
231
232
246
233
247
233
234
248
235
249
235
236
250
237
251
237
238
252
239
253
239
254
255
241
242
256
243
257
243
244
258
245
259
245
246
260
247
261
247
248
262
249
263
249
250
264
251
265
251
252
266
253
267
253
254
268
255
269
255
270
271
257
258
272
259
273
259
260
274
261
275
261
262
276
263
277
263
264
278
265
279
265
266
280
267
281
267
268
282
269
283
269
270
284
271
285
271
286
287
273
274
288
275
289
275
276
290
277
291
277
278
292
279
293
279
280
294
281
295
281
282
296
283
297
283
284
298
285
299
285
286
300
287
301
287
302
303
289
290
304
291
305
291
292
306
293
307
293
294
308
295
309
295
296
310
297
311
297
298
312
299
313
299
300
314
301
315
301
302
316
303
317
303
318
319
305
306
320
307
321
307
308
322
309
323
309
310
324
311
325
311
312
326
313
327
313
314
328
315
329
315
316
330
317
331
317
318
332
319
333
319
334
335
321
322
336
323
337
323
324
338
325
339
325
326
340
327
341
327
328
342
329
343
329
330
344
331
345
331
332
346
333
347
333
334
348
335
349
335
350
351
337
338
352
339
353
339
340
354
341
355
341
342
356
343
357
343
344
358
345
359
345
346
360
347
361
347
348
362
349
363
349
350
364
351
365
351
366
367
353
354
368
355
369
355
356
370
357
371
357
358
372
359
373
359
360
374
361
375
361
362
376
363
377
363
364
378
365
379
365
366
380
367
381
367
382
383
369
370
384
371
385
371
372
386
373
387
373
374
388
375
389
375
376
390
377
391
377
378
392
379
393
379
380
394
381
395
381
382
396
383
397
383
398
399
385
386
400
387
401
387
388
402
389
403
389
390
404
391
405
391
392
406
393
407
393
394
408
395
409
395
396
410
397
411
397
398
412
399
413
399
414
415
401
402
416
403
417
403
404
418
405
419
405
406
420
407
421
407
408
422
409
423
409
410
424
411
425
411
412
426
413
427
413
414
428
415
429
415
430
431
417
418
432
419
433
419
420
434
421
435
421
422
436
423
437
423
424
438
425
439
425
426
440
427
441
427
428
442
429
443
429
430
444
431
445
431
446
447
433
434
448
435
449
435
436
450
437
451
437
438
452
439
453
439
440
454
441
455
441
442
456
443
457
443
444
458
445
459
445
446
460
447
461
447
462
463
449
450
464
451
465
451
452
466
453
467
453
454
468
455
469
455
456
470
457
471
457
458
472
459
473
459
460
474
461
475
461
462
476
463
477
463
478
479
465
466
480
467
481
467
468
482
469
483
469
470
484
471
485
471
472
486
473
487
473
474
488
475
489
475
476
490
477
491
477
478
492
479
493
479
494
495
481
482
496
483
497
483
484
498
485
499
485
486
500
487
501
487
488
502
489
503
489
490
504
491
505
491
492
506
493
507
493
494
508
495
509
495
510
511
497
498
512
499
513
499
500
514
501
515
501
502
516
503
517
503
504
518
505
519
505
506
520
507
521
507
508
522
509
523
509
510
524
511
525
511
526
527
513
514
528
515
529
515
516
530
517
531
517
518
532
519
533
519
520
534
521
535
521
522
536
523
537
523
524
538
525
539
525
526
540
527
541
527
542
543
529
530
544
531
545
531
532
546
533
547
533
534
548
535
549
535
536
550
537
551
537
538
552
539
553
539
540
554
541
555
541
542
556
543
557
543
558
559
545
546
560
547
561
547
548
562
549
563
549
550
564
551
565
551
552
566
553
567
553
554
568
555
569
555
556
570
557
571
557
558
572
559
573
559
574
575
561
562
576
563
577
563
564
578
565
579
565
566
580
567
581
567
568
582
569
583
569
570
584
571
585
571
572
586
573
587
573
574
588
575
589
575
590
591
577
578
592
579
593
579
580
594
581
595
581
582
596
583
597
583
584
598
585
599
585
586
600
587
601
587
588
602
589
603
589
590
604
591
605
591
606
607
593
594
608
595
609
595
596
610
597
611
597
598
612
599
613
599
600
614
601
615
601
602
616
603
617
603
604
618
605
619
605
606
620
607
621
607
622
623
609
610
624
611
625
611
612
626
613
627
613
614
628
615
629
615
616
630
617
631
617
618
632
619
633
619
620
634
621
635
621
622
636
623
637
623
638
639
625
626
640
627
641
627
628
642
629
643
629
630
644
631
645
631
632
646
633
647
633
634
648
635
649
635
636
650
637
651
637
638
652
639
653
639
654
655
641
642
656
643
657
643
644
658
645
659
645
646
660
647
661
647
648
662
649
663
649
650
664
651
665
651
652
666
653
667
653
654
668
655
669
655
670
671
657
658
672
659
673
659
660
674
661
675
661
662
676
663
677
663
664
678
665
679
665
666
680
667
681
667
668
682
669
683
669
670
684
671
685
671
686
687
673
674
688
675
689
675
676
690
677
691
677
678
692
679
693
679
680
694
681
695
681
682
696
683
697
683
684
698
685
699
685
686
700
687
701
687
702
703
689
690
704
691
705
691
692
706
693
707
693
694
708
695
709
695
696
710
697
711
697
698
712
699
713
699
700
714
701
715
701
702
716
703
717
703
718
719
705
706
720
707
721
707
708
722
709
723
709
710
724
711
725
711
712
726
713
727
713
714
728
715
729
715
716
730
717
731
717
718
732
719
733
719
734
735
721
722
736
723
737
723
724
738
725
739
725
726
740
727
741
727
728
742
729
743
729
730
744
731
745
731
732
746
733
747
733
734
748
735
749
735
750
751
737
738
752
739
753
739
740
754
741
755
741
742
756
743
757
743
744
758
745
759
745
746
760
747
761
747
748
762
749
763
749
750
764
751
765
751
766
767
753
754
768
755
769
755
756
770
757
771
757
758
772
759
773
759
760
774
761
775
761
762
776
763
777
763
764
778
765
779
765
766
780
767
781
767
782
783
769
770
784
771
785
771
772
786
773
787
773
774
788
775
789
775
776
790
777
791
777
778
792
779
793
779
780
794
781
795
781
782
796
783
797
783
798
799
785
786
800
787
801
787
788
802
789
803
789
790
804
791
805
791
792
806
793
807
793
794
808
795
809
795
796
810
797
811
797
798
812
799
813
799
814
815
801
802
816
803
817
803
804
818
805
819
805
806
820
807
821
807
808
822
809
823
809
810
824
811
825
811
812
826
813
827
813
814
828
815
829
815
830
831
817
818
832
819
833
819
820
834
821
835
821
822
836
823
837
823
824
838
825
839
825
826
840
827
841
827
828
842
829
843
829
830
844
831
845
831
846
847
833
834
848
835
849
835
836
850
837
851
837
838
852
839
853
839
840
854
841
855
841
842
856
843
857
843
844
858
845
859
845
846
860
847
861
847
862
863
849
850
864
851
865
851
852
866
853
867
853
854
868
855
869
855
856
870
857
871
857
858
872
859
873
859
860
874
861
875
861
862
876
863
877
863
878
879
865
866
880
867
881
867
868
882
869
883
869
870
884
871
885
871
872
886
873
887
873
874
888
875
889
875
876
890
877
891
877
878
892
879
893
879
894
895
881
882
896
883
897
883
884
898
885
899
885
886
900
887
901
887
888
902
889
903
889
890
904
891
905
891
892
906
893
907
893
894
908
895
909
895
910
911
897
898
912
899
913
899
900
914
901
915
901
902
916
903
917
903
904
918
905
919
905
906
920
907
921
907
908
922
909
923
909
910
924
911
925
911
926
927
913
914
928
915
929
915
916
930
917
931
917
918
932
919
933
919
920
934
921
935
921
922
936
923
937
923
924
938
925
939
925
926
940
927
941
927
942
943
929
930
944
931
945
931
932
946
933
947
933
934
948
935
949
935
936
950
937
951
937
938
952
939
953
939
940
954
941
955
941
942
956
943
957
943
958
959
945
946
960
947
961
947
948
962
949
963
949
950
964
951
965
951
952
966
953
967
953
954
968
955
969
955
956
970
957
971
957
958
972
959
973
959
974
975
961
962
976
963
977
963
964
978
965
979
965
966
980
967
981
967
968
982
969
983
969
970
984
971
985
971
972
986
973
987
973
974
988
975
989
975
990
991
977
978
992
979
993
979
980
994
981
995
981
982
996
983
997
983
984
998
985
999
985
986
1000
987
1001
987
988
1002
989
1003
989
990
1004
991
1005
991
1006
1007
993
994
1008
995
1009
995
996
1010
997
1011
997
998
1012
999
1013
999
1000
1014
1001
1015
1001
1002
1016
1003
1017
1003
1004
1018
1005
1019
1005
1006
1020
1007
1021
1007
1022
1023
1009
1010
1024
1011
1025
1011
1012
1026
1013
1027
1013
1014
1028
1015
1029
1015
1016
1030
1017
1031
1017
1018
1032
1019
1033
1019
1020
1034
1021
1035
1021
1022
1036
1023
1037
1023
1038
1039
1025
1026
1040
1027
1041
1027
1028
1042
1029
1043
1029
1030
1044
1031
1045
1031
1032
1046
1033
1047
1033
1034
1048
1035
1049
1035
1036
1050
1037
1051
1037
1038
1052
1039
1053
1039
1054
1055
1041
1042
1056
1043
1057
1043
1044
1058
1045
1059
1045
1046
1060
1047
1061
1047
1048
1062
1049
1063
1049
1050
1064
1051
1065
1051
1052
1066
1053
1067
1053
1054
1068
1055
1069
1055
1070
1071
1057
1058
1072
1059
1073
1059
1060
1074
1061
1075
1061
1062
1076
1063
1077
1063
1064
1078
1065
1079
1065
1066
1080
1067
1081
1067
1068
1082
1069
1083
1069
1070
1084
1071
1085
1071
1086
1087
1073
1074
1088
1075
1089
1075
1076
1090
1077
1091
1077
1078
1092
1079
1093
1079
1080
1094
1081
1095
1081
1082
1096
1083
1097
1083
1084
1098
1085
1099
1085
1086
1100
1087
1101
1087
1102
1103
1089
1090
1104
1091
1105
1091
1092
1106
1093
1107
1093
1094
1108
1095
1109
1095
1096
1110
1097
1111
1097
1098
1112
1099
1113
1099
1100
1114
1101
1115
1101
1102
1116
1103
1117
1103
1118
1119
1105
1106
1120
1107
1121
1107
1108
1122
1109
1123
1109
1110
1124
1111
1125
1111
1112
1126
1113
1127
1113
1114
1128
1115
1129
1115
1116
1130
1117
1131
1117
1118
1132
1119
1133
1119
1134
1135
1121
1122
1136
1123
1137
1123
1124
1138
1125
1139
1125
1126
1140
1127
1141
1127
1128
1142
1129
1143
1129
1130
1144
1131
1145
1131
1132
1146
1133
1147
1133
1134
1148
1135
1149
1135
1150
1151
1137
1138
1152
1139
1153
1139
1140
1154
1141
1155
1141
1142
1156
1143
1157
1143
1144
1158
1145
1159
1145
1146
1160
1147
1161
1147
1148
1162
1149
1163
1149
1150
1164
1151
1165
1151
1166
1167
1153
1154
1168
1155
1169
1155
1156
1170
1157
1171
1157
1158
1172
1159
1173
1159
1160
1174
1161
1175
1161
1162
1176
1163
1177
1163
1164
1178
1165
1179
1165
1166
1180
1167
1181
1167
1182
1183
1169
1170
1184
1171
1185
1171
1172
1186
1173
1187
1173
1174
1188
1175
1189
1175
1176
1190
1177
1191
1177
1178
1192
1179
1193
1179
1180
1194
1181
1195
1181
1182
1196
1183
1197
1183
1198
1199
1185
1186
1200
1187
1201
1187
1188
1202
1189
1203
1189
1190
1204
1191
1205
1191
1192
1206
1193
1207
1193
1194
1208
1195
1209
1195
1196
1210
1197
1211
1197
1198
1212
1199
1213
1199
1214
1215
1201
1202
1216
1203
1217
1203
1204
1218
1205
1219
1205
1206
1220
1207
1221
1207
1208
1222
1209
1223
1209
1210
1224
1211
1225
1211
1212
1226
1213
1227
1213
1214
1228
1215
1229
1215
1230
1231
1217
1218
1232
1219
1233
1219
1220
1234
1221
1235
1221
1222
1236
1223
1237
1223
1224
1238
1225
1239
1225
1226
1240
1227
1241
1227
1228
1242
1229
1243
1229
1230
1244
1231
1245
1231
1246
1247
1233
1234
1248
1235
1249
1235
1236
1250
1237
1251
1237
1238
1252
1239
1253
1239
1240
1254
1241
1255
1241
1242
1256
1243
1257
1243
1244
1258
1245
1259
1245
1246
1260
1247
1261
1247
1262
1263
1249
1250
1264
1251
1265
1251
1252
1266
1253
1267
1253
1254
1268
1255
1269
1255
1256
1270
1257
1271
1257
1258
1272
1259
1273
1259
1260
1274
1261
1275
1261
1262
1276
1263
1277
1263
1278
1279
1265
1266
1280
1267
1281
1267
1268
1282
1269
1283
1269
1270
1284
1271
1285
1271
1272
1286
1273
1287
1273
1274
1288
1275
1289
1275
1276
1290
1277
1291
1277
1278
1292
1279
1293
1279
1294
1295
1281
1282
1296
1283
1297
1283
1284
1298
1285
1299
1285
1286
1300
1287
1301
1287
1288
1302
1289
1303
1289
1290
1304
1291
1305
1291
1292
1306
1293
1307
1293
1294
1308
1295
1309
1295
1310
1311
1297
1298
1312
1299
1313
1299
1300
1314
1301
1315
1301
1302
1316
1303
1317
1303
1304
1318
1305
1319
1305
1306
1320
1307
1321
1307
1308
1322
1309
1323
1309
1310
1324
1311
1325
1311
1326
1327
1313
1314
1328
1315
1329
1315
1316
1330
1317
1331
1317
1318
1332
1319
1333
1319
1320
1334
1321
1335
1321
1322
1336
1323
1337
1323
1324
1338
1325
1339
1325
1326
1340
1327
1341
1327
1342
1343
1329
1330
1344
1331
1345
1331
1332
1346
1333
1347
1333
1334
1348
1335
1349
1335
1336
1350
1337
1351
1337
1338
1352
1339
1353
1339
1340
1354
1341
1355
1341
1342
1356
1343
1357
1343
1358
1359
1345
1346
1360
1347
1361
1347
1348
1362
1349
1363
1349
1350
1364
1351
1365
1351
1352
1366
1353
1367
1353
1354
1368
1355
1369
1355
1356
1370
1357
1371
1357
1358
1372
1359
1373
1359
1374
1375
1361
1362
1376
1363
1377
1363
1364
1378
1365
1379
1365
1366
1380
1367
1381
1367
1368
1382
1369
1383
1369
1370
1384
1371
1385
1371
1372
1386
1373
1387
1373
1374
1388
1375
1389
1375
1390
1391
1377
1378
1392
1379
1393
1379
1380
1394
1381
1395
1381
1382
1396
1383
1397
1383
1384
1398
1385
1399
1385
1386
1400
1387
1401
1387
1388
1402
1389
1403
1389
1390
1404
1391
1405
1391
1406
1407
1393
1394
1408
1395
1409
1395
1396
1410
1397
1411
1397
1398
1412
1399
1413
1399
1400
1414
1401
1415
1401
1402
1416
1403
1417
1403
1404
1418
1405
1419
1405
1406
1420
1407
1421
1407
1422
1423
1409
1410
1424
1411
1425
1411
1412
1426
1413
1427
1413
1414
1428
1415
1429
1415
1416
1430
1417
1431
1417
1418
1432
1419
1433
1419
1420
1434
1421
1435
1421
1422
1436
1423
1437
1423
1438
1439
1425
1426
1440
1427
1441
1427
1428
1442
1429
1443
1429
1430
1444
1431
1445
1431
1432
1446
1433
1447
1433
1434
1448
1435
1449
1435
1436
1450
1437
1451
1437
1438
1452
1439
1453
1439
1454
1455
1441
1442
1456
1443
1457
1443
1444
1458
1445
1459
1445
1446
1460
1447
1461
1447
1448
1462
1449
1463
1449
1450
1464
1451
1465
1451
1452
1466
1453
1467
1453
1454
1468
1455
1469
1455
1470
1471
1457
1458
1472
1459
1473
1459
1460
1474
1461
1475
1461
1462
1476
1463
1477
1463
1464
1478
1465
1479
1465
1466
1480
1467
1481
1467
1468
1482
1469
1483
1469
1470
1484
1471
1485
1471
1486
1487
1473
1474
1488
1475
1489
1475
1476
1490
1477
1491
1477
1478
1492
1479
1493
1479
1480
1494
1481
1495
1481
1482
1496
1483
1497
1483
1484
1498
1485
1499
1485
1486
1500
1487
1501
1487
1502
1503
1489
1490
1504
1491
1505
1491
1492
1506
1493
1507
1493
1494
1508
1495
1509
1495
1496
1510
1497
1511
1497
1498
1512
1499
1513
1499
1500
1514
1501
1515
1501
1502
1516
1503
1517
1503
1518
1519
1505
1506
1520
1507
1521
1507
1508
1522
1509
1523
1509
1510
1524
1511
1525
1511
1512
1526
1513
1527
1513
1514
1528
1515
1529
1515
1516
1530
1517
1531
1517
1518
1532
1519
1533
1519
1534
1535
1521
1522
1536
1523
1537
1523
1524
1538
1525
1539
1525
1526
1540
1527
1541
1527
1528
1542
1529
1543
1529
1530
1544
1531
1545
1531
1532
1546
1533
1547
1533
1534
1548
1535
1549
1535
1550
1551
1537
1538
1552
1539
1553
1539
1540
1554
1541
1555
1541
1542
1556
1543
1557
1543
1544
1558
1545
1559
1545
1546
1560
1547
1561
1547
1548
1562
1549
1563
1549
1550
1564
1551
1565
1551
1566
1567
1553
1554
1568
1555
1569
1555
1556
1570
1557
1571
1557
1558
1572
1559
1573
1559
1560
1574
1561
1575
1561
1562
1576
1563
1577
1563
1564
1578
1565
1579
1565
1566
1580
1567
1581
1567
1582
1583
1569
1570
1584
1571
1585
1571
1572
1586
1573
1587
1573
1574
1588
1575
1589
1575
1576
1590
1577
1591
1577
1578
1592
1579
1593
1579
1580
1594
1581
1595
1581
1582
1596
1583
1597
1583
1598
1599
1585
1586
1600
1587
1601
1587
1588
1602
1589
1603
1589
1590
1604
1591
1605
1591
1592
1606
1593
1607
1593
1594
1608
1595
1609
1595
1596
1610
1597
1611
1597
1598
1612
1599
1613
1599
1614
1615
1601
1602
1616
1603
1617
1603
1604
1618
1605
1619
1605
1606
1620
1607
1621
1607
1608
1622
1609
1623
1609
1610
1624
1611
1625
1611
1612
1626
1613
1627
1613
1614
1628
1615
1629
1615
1630
1631
1617
1618
1632
1619
1633
1619
1620
1634
1621
1635
1621
1622
1636
1623
1637
1623
1624
1638
1625
1639
1625
1626
1640
1627
1641
1627
1628
1642
1629
1643
1629
1630
1644
1631
1645
1631
1646
1647
1633
1634
1648
1635
1649
1635
1636
1650
1637
1651
1637
1638
1652
1639
1653
1639
1640
1654
1641
1655
1641
1642
1656
1643
1657
1643
1644
1658
1645
1659
1645
1646
1660
1647
1661
1647
1662
1663
1649
1650
1664
1651
1665
1651
1652
1666
1653
1667
1653
1654
1668
1655
1669
1655
1656
1670
1657
1671
1657
1658
1672
1659
1673
1659
1660
1674
1661
1675
1661
1662
1676
1663
1677
1663
1678
1679
1665
1666
1680
1667
1681
1667
1668
1682
1669
1683
1669
1670
1684
1671
1685
1671
1672
1686
1673
1687
1673
1674
1688
1675
1689
1675
1676
1690
1677
1691
1677
1678
1692
1679
1693
1679
1694
1695
1681
1682
1696
1683
1697
1683
1684
1698
1685
1699
1685
1686
1700
1687
1701
1687
1688
1702
1689
1703
1689
1690
1704
1691
1705
1691
1692
1706
1693
1707
1693
1694
1708
1695
1709
1695
1710
1711
1697
1698
1712
1699
1713
1699
1700
1714
1701
1715
1701
1702
1716
1703
1717
1703
1704
1718
1705
1719
1705
1706
1720
1707
1721
1707
1708
1722
1709
1723
1709
1710
1724
1711
1725
1711
1726
1727
1713
1714
1728
1715
1729
1715
1716
1730
1717
1731
1717
1718
1732
1719
1733
1719
1720
1734
1721
1735
1721
1722
1736
1723
1737
1723
1724
1738
1725
1739
1725
1726
1740
1727
1741
1727
1742
1743
1729
1730
1744
1731
1745
1731
1732
1746
1733
1747
1733
1734
1748
1735
1749
1735
1736
1750
1737
1751
1737
1738
1752
1739
1753
1739
1740
1754
1741
1755
1741
1742
1756
1743
1757
1743
1758
1759
1745
1746
1760
1747
1761
1747
1748
1762
1749
1763
1749
1750
1764
1751
1765
1751
1752
1766
1753
1767
1753
1754
1768
1755
1769
1755
1756
1770
1757
1771
1757
1758
1772
1759
1773
1759
1774
1775
1761
1762
1776
1763
1777
1763
1764
1778
1765
1779
1765
1766
1780
1767
1781
1767
1768
1782
1769
1783
1769
1770
1784
1771
1785
1771
1772
1786
1773
1787
1773
1774
1788
1775
1789
1775
1790
1791
1777
1778
1792
1779
1793
1779
1780
1794
1781
1795
1781
1782
1796
1783
1797
1783
1784
1798
1785
1799
1785
1786
1800
1787
1801
1787
1788
1802
1789
1803
1789
1790
1804
1791
1805
1791
1806
1807
1793
1794
1808
1795
1809
1795
1796
1810
1797
1811
1797
1798
1812
1799
1813
1799
1800
1814
1801
1815
1801
1802
1816
1803
1817
1803
1804
1818
1805
1819
1805
1806
1820
1807
1821
1807
1822
1823
1809
1810
1824
1811
1825
1811
1812
1826
1813
1827
1813
1814
1828
1815
1829
1815
1816
1830
1817
1831
1817
1818
1832
1819
1833
1819
1820
1834
1821
1835
1821
1822
1836
1823
1837
1823
1838
1839
1825
1826
1840
1827
1841
1827
1828
1842
1829
1843
1829
1830
1844
1831
1845
1831
1832
1846
1833
1847
1833
1834
1848
1835
1849
1835
1836
1850
1837
1851
1837
1838
1852
1839
1853
1839
1854
1855
1841
1842
1856
1843
1857
1843
1844
1858
1845
1859
1845
1846
1860
1847
1861
1847
1848
1862
1849
1863
1849
1850
1864
1851
1865
1851
1852
1866
1853
1867
1853
1854
1868
1855
1869
1855
1870
1871
1857
1858
1872
1859
1873
1859
1860
1874
1861
1875
1861
1862
1876
1863
1877
1863
1864
1878
1865
1879
1865
1866
1880
1867
1881
1867
1868
1882
1869
1883
1869
1870
1884
1871
1885
1871
1886
1887
1873
1874
1888
1875
1889
1875
1876
1890
1877
1891
1877
1878
1892
1879
1893
1879
1880
1894
1881
1895
1881
1882
1896
1883
1897
1883
1884
1898
1885
1899
1885
1886
1900
1887
1901
1887
1902
1903
1889
1890
1904
1891
1905
1891
1892
1906
1893
1907
1893
1894
1908
1895
1909
1895
1896
1910
1897
1911
1897
1898
1912
1899
1913
1899
1900
1914
1901
1915
1901
1902
1916
1903
1917
1903
1918
1919
1905
1906
1920
1907
1921
1907
1908
1922
1909
1923
1909
1910
1924
1911
1925
1911
1912
1926
1913
1927
1913
1914
1928
1915
1929
1915
1916
1930
1917
1931
1917
1918
1932
1919
1933
1919
1934
1935
1921
1922
1936
1923
1937
1923
1924
1938
1925
1939
1925
1926
1940
1927
1941
1927
1928
1942
1929
1943
1929
1930
1944
1931
1945
1931
1932
1946
1933
1947
1933
1934
1948
1935
1949
1935
1950
1951
1937
1938
1952
1939
1953
1939
1940
1954
1941
1955
1941
1942
1956
1943
1957
1943
1944
1958
1945
1959
1945
1946
1960
1947
1961
1947
1948
1962
1949
1963
1949
1950
1964
1951
1965
1951
1966
1967
1953
1954
1968
1955
1969
1955
1956
1970
1957
1971
1957
1958
1972
1959
1973
1959
1960
1974
1961
1975
1961
1962
1976
1963
1977
1963
1964
1978
1965
1979
1965
1966
1980
1967
1981
1967
1982
1983
1969
1970
1984
1971
1985
1971
1972
1986
1973
1987
1973
1974
1988
1975
1989
1975
1976
1990
1977
1991
1977
1978
1992
1979
1993
1979
1980
1994
1981
1995
1981
1982
1996
1983
1997
1983
1998
1999
1985
1986
2000
1987
2001
1987
1988
2002
1989
2003
1989
1990
2004
1991
2005
1991
1992
2006
1993
2007
1993
1994
2008
1995
2009
1995
1996
2010
1997
2011
1997
1998
2012
1999
2013
1999
2014
2015
2001
2002
2016
2003
2017
2003
2004
2018
2005
2019
2005
2006
2020
2007
2021
2007
2008
2022
2009
2023
2009
2010
2024
2011
2025
2011
2012
2026
2013
2027
2013
2014
2028
2015
2029
2015
2030
2031
2017
2018
2032
2019
2033
2019
2020
2034
2021
2035
2021
2022
2036
2023
2037
2023
2024
2038
2025
2039
2025
2026
2040
2027
2041
2027
2028
2042
2029
2043
2029
2030
2044
2031
2045
2031
2046
2047
2033
2034
2048
2035
2049
2035
2036
2050
2037
2051
2037
2038
2052
2039
2053
2039
2040
2054
2041
2055
2041
2042
2056
2043
2057
2043
2044
2058
2045
2059
2045
2046
2060
2047
2061
2047
2062
2063
2049
2050
2064
2051
2065
2051
2052
2066
2053
2067
2053
2054
2068
2055
2069
2055
2056
2070
2057
2071
2057
2058
2072
2059
2073
2059
2060
2074
2061
2075
2061
2062
2076
2063
2077
2063
2078
2079
2065
2066
2080
2067
2081
2067
2068
2082
2069
2083
2069
2070
2084
2071
2085
2071
2072
2086
2073
2087
2073
2074
2088
2075
2089
2075
2076
2090
2077
2091
2077
2078
2092
2079
2093
2079
2094
2095
2081
2082
2096
2083
2097
2083
2084
2098
2085
2099
2085
2086
2100
2087
2101
2087
2088
2102
2089
2103
2089
2090
2104
2091
2105
2091
2092
2106
2093
2107
2093
2094
2108
2095
2109
2095
2110
2111
2097
2098
2112
2099
2113
2099
2100
2114
2101
2115
2101
2102
2116
2103
2117
2103
2104
2118
2105
2119
2105
2106
2120
2107
2121
2107
2108
2122
2109
2123
2109
2110
2124
2111
2125
2111
2126
2127
2113
2114
2128
2115
2129
2115
2116
2130
2117
2131
2117
2118
2132
2119
2133
2119
2120
2134
2121
2135
2121
2122
2136
2123
2137
2123
2124
2138
2125
2139
2125
2126
2140
2127
2141
2127
2142
2143
2129
2130
2144
2131
2145
2131
2132
2146
2133
2147
2133
2134
2148
2135
2149
2135
2136
2150
2137
2151
2137
2138
2152
2139
2153
2139
2140
2154
2141
2155
2141
2142
2156
2143
2157
2143
2158
2159
2145
2146
2160
2147
2161
2147
2148
2162
2149
2163
2149
2150
2164
2151
2165
2151
2152
2166
2153
2167
2153
2154
2168
2155
2169
2155
2156
2170
2157
2171
2157
2158
2172
2159
2173
2159
2174
2175
2161
2162
2176
2163
2177
2163
2164
2178
2165
2179
2165
2166
2180
2167
2181
2167
2168
2182
2169
2183
2169
2170
2184
2171
2185
2171
2172
2186
2173
2187
2173
2174
2188
2175
2189
2175
2190
2191
2177
2178
2192
2179
2193
2179
2180
2194
2181
2195
2181
2182
2196
2183
2197
2183
2184
2198
2185
2199
2185
2186
2200
2187
2201
2187
2188
2202
2189
2203
2189
2190
2204
2191
2205
2191
2206
2207
2193
2194
2208
2195
2209
2195
2196
2210
2197
2211
2197
2198
2212
2199
2213
2199
2200
2214
2201
2215
2201
2202
2216
2203
2217
2203
2204
2218
2205
2219
2205
2206
2220
2207
2221
2207
2222
2223
2209
2210
2224
2211
2225
2211
2212
2226
2213
2227
2213
2214
2228
2215
2229
2215
2216
2230
2217
2231
2217
2218
2232
2219
2233
2219
2220
2234
2221
2235
2221
2222
2236
2223
2237
2223
2238
2239
2225
2226
2240
2227
2241
2227
2228
2242
2229
2243
2229
2230
2244
2231
2245
2231
2232
2246
2233
2247
2233
2234
2248
2235
2249
2235
2236
2250
2237
2251
2237
2238
2252
2239
2253
2239
2254
2255
2241
2242
2256
2243
2257
2243
2244
2258
2245
2259
2245
2246
2260
2247
2261
2247
2248
2262
2249
2263
2249
2250
2264
2251
2265
2251
2252
2266
2253
2267
2253
2254
2268
2255
2269
2255
2270
2271
2257
2258
2272
2259
2273
2259
2260
2274
2261
2275
2261
2262
2276
2263
2277
2263
2264
2278
2265
2279
2265
2266
2280
2267
2281
2267
2268
2282
2269
2283
2269
2270
2284
2271
2285
2271
2286
2287
2273
2274
2288
2275
2289
2275
2276
2290
2277
2291
2277
2278
2292
2279
2293
2279
2280
2294
2281
2295
2281
2282
2296
2283
2297
2283
2284
2298
2285
2299
2285
2286
2300
2287
2301
2287
2302
2303
2289
2290
2304
2291
2305
2291
2292
2306
2293
2307
2293
2294
2308
2295
2309
2295
2296
2310
2297
2311
2297
2298
2312
2299
2313
2299
2300
2314
2301
2315
2301
2302
2316
2303
2317
2303
2318
2319
2305
2306
2320
2307
2321
2307
2308
2322
2309
2323
2309
2310
2324
2311
2325
2311
2312
2326
2313
2327
2313
2314
2328
2315
2329
2315
2316
2330
2317
2331
2317
2318
2332
2319
2333
2319
2334
2335
2321
2322
2336
2323
2337
2323
2324
2338
2325
2339
2325
2326
2340
2327
2341
2327
2328
2342
2329
2343
2329
2330
2344
2331
2345
2331
2332
2346
2333
2347
2333
2334
2348
2335
2349
2335
2350
2351
2337
2338
2352
2339
2353
2339
2340
2354
2341
2355
2341
2342
2356
2343
2357
2343
2344
2358
2345
2359
2345
2346
2360
2347
2361
2347
2348
2362
2349
2363
2349
2350
2364
2351
2365
2351
2366
2367
2353
2354
2368
2355
2369
2355
2356
2370
2357
2371
2357
2358
2372
2359
2373
2359
2360
2374
2361
2375
2361
2362
2376
2363
2377
2363
2364
2378
2365
2379
2365
2366
2380
2367
2381
2367
2382
2383
2369
2370
2384
2371
2385
2371
2372
2386
2373
2387
2373
2374
2388
2375
2389
2375
2376
2390
2377
2391
2377
2378
2392
2379
2393
2379
2380
2394
2381
2395
2381
2382
2396
2383
2397
2383
2398
2399
2385
2386
2400
2387
2401
2387
2388
2402
2389
2403
2389
2390
2404
2391
2405
2391
2392
2406
2393
2407
2393
2394
2408
2395
2409
2395
2396
2410
2397
2411
2397
2398
2412
2399
2413
2399
2414
2415
2401
2402
2416
2403
2417
2403
2404
2418
2405
2419
2405
2406
2420
2407
2421
2407
2408
2422
2409
2423
2409
2410
2424
2411
2425
2411
2412
2426
2413
2427
2413
2414
2428
2415
2429
2415
2430
2431
2417
2418
2432
2419
2433
2419
2420
2434
2421
2435
2421
2422
2436
2423
2437
2423
2424
2438
2425
2439
2425
2426
2440
2427
2441
2427
2428
2442
2429
2443
2429
2430
2444
2431
2445
2431
2446
2447
2433
2434
2448
2435
2449
2435
2436
2450
2437
2451
2437
2438
2452
2439
2453
2439
2440
2454
2441
2455
2441
2442
2456
2443
2457
2443
2444
2458
2445
2459
2445
2446
2460
2447
2461
2447
2462
2463
2449
2450
2464
2451
2465
2451
2452
2466
2453
2467
2453
2454
2468
2455
2469
2455
2456
2470
2457
2471
2457
2458
2472
2459
2473
2459
2460
2474
2461
2475
2461
2462
2476
2463
2477
2463
2478
2479
2465
2466
2480
2467
2481
2467
2468
2482
2469
2483
2469
2470
2484
2471
2485
2471
2472
2486
2473
2487
2473
2474
2488
2475
2489
2475
2476
2490
2477
2491
2477
2478
2492
2479
2493
2479
2494
2495
2481
2482
2496
2483
2497
2483
2484
2498
2485
2499
2485
2486
2500
2487
2501
2487
2488
2502
2489
2503
2489
2490
2504
2491
2505
2491
2492
2506
2493
2507
2493
2494
2508
2495
2509
2495
2510
2511
2497
2498
2512
2499
2513
2499
2500
2514
2501
2515
2501
2502
2516
2503
2517
2503
2504
2518
2505
2519
2505
2506
2520
2507
2521
2507
2508
2522
2509
2523
2509
2510
2524
2511
2525
2511
2526
2527
2513
2514
2528
2515
2529
2515
2516
2530
2517
2531
2517
2518
2532
2519
2533
2519
2520
2534
2521
2535
2521
2522
2536
2523
2537
2523
2524
2538
2525
2539
2525
2526
2540
2527
2541
2527
2542
2543
2529
2530
2544
2531
2545
2531
2532
2546
2533
2547
2533
2534
2548
2535
2549
2535
2536
2550
2537
2551
2537
2538
2552
2539
2553
2539
2540
2554
2541
2555
2541
2542
2556
2543
2557
2543
2558
2559
2545
2546
2560
2547
2561
2547
2548
2562
2549
2563
2549
2550
2564
2551
2565
2551
2552
2566
2553
2567
2553
2554
2568
2555
2569
2555
2556
2570
2557
2571
2557
2558
2572
2559
2573
2559
2574
2575
2561
2562
2576
2563
2577
2563
2564
2578
2565
2579
2565
2566
2580
2567
2581
2567
2568
2582
2569
2583
2569
2570
2584
2571
2585
2571
2572
2586
2573
2587
2573
2574
2588
2575
2589
2575
2590
2591
2577
2578
2592
2579
2593
2579
2580
2594
2581
2595
2581
2582
2596
2583
2597
2583
2584
2598
2585
2599
2585
2586
2600
2587
2601
2587
2588
2602
2589
2603
2589
2590
2604
2591
2605
2591
2606
2607
2593
2594
2608
2595
2609
2595
2596
2610
2597
2611
2597
2598
2612
2599
2613
2599
2600
2614
2601
2615
2601
2602
2616
2603
2617
2603
2604
2618
2605
2619
2605
2606
2620
2607
2621
2607
2622
2623
2609
2610
2624
2611
2625
2611
2612
2626
2613
2627
2613
2614
2628
2615
2629
2615
2616
2630
2617
2631
2617
2618
2632
2619
2633
2619
2620
2634
2621
2635
2621
2622
2636
2623
2637
2623
2638
2639
2625
2626
2640
2627
2641
2627
2628
2642
2629
2643
2629
2630
2644
2631
2645
2631
2632
2646
2633
2647
2633
2634
2648
2635
2649
2635
2636
2650
2637
2651
2637
2638
2652
2639
2653
2639
2654
2655
2641
2642
2656
2643
2657
2643
2644
2658
2645
2659
2645
2646
2660
2647
2661
2647
2648
2662
2649
2663
2649
2650
2664
2651
2665
2651
2652
2666
2653
2667
2653
2654
2668
2655
2669
2655
2670
2671
2657
2658
2672
2659
2673
2659
2660
2674
2661
2675
2661
2662
2676
2663
2677
2663
2664
2678
2665
2679
2665
2666
2680
2667
2681
2667
2668
2682
2669
2683
2669
2670
2684
2671
2685
2671
2686
2687
2673
2674
2688
2675
2689
2675
2676
2690
2677
2691
2677
2678
2692
2679
2693
2679
2680
2694
2681
2695
2681
2682
2696
2683
2697
2683
2684
2698
2685
2699
2685
2686
2700
2687
2701
2687
2702
2703
2689
2690
2704
2691
2705
2691
2692
2706
2693
2707
2693
2694
2708
2695
2709
2695
2696
2710
2697
2711
2697
2698
2712
2699
2713
2699
2700
2714
2701
2715
2701
2702
2716
2703
2717
2703
2718
2719
2705
2706
2720
2707
2721
2707
2708
2722
2709
2723
2709
2710
2724
2711
2725
2711
2712
2726
2713
2727
2713
2714
2728
2715
2729
2715
2716
2730
2717
2731
2717
2718
2732
2719
2733
2719
2734
2735
2721
2722
2736
2723
2737
2723
2724
2738
2725
2739
2725
2726
2740
2727
2741
2727
2728
2742
2729
2743
2729
2730
2744
2731
2745
2731
2732
2746
2733
2747
2733
2734
2748
2735
2749
2735
2750
2751
2737
2738
2752
2739
2753
2739
2740
2754
2741
2755
2741
2742
2756
2743
2757
2743
2744
2758
2745
2759
2745
2746
2760
2747
2761
2747
2748
2762
2749
2763
2749
2750
2764
2751
2765
2751
2766
2767
2753
2754
2768
2755
2769
2755
2756
2770
2757
2771
2757
2758
2772
2759
2773
2759
2760
2774
2761
2775
2761
2762
2776
2763
2777
2763
2764
2778
2765
2779
2765
2766
2780
2767
2781
2767
2782
2783
2769
2770
2784
2771
2785
2771
2772
2786
2773
2787
2773
2774
2788
2775
2789
2775
2776
2790
2777
2791
2777
2778
2792
2779
2793
2779
2780
2794
2781
2795
2781
2782
2796
2783
2797
2783
2798
2799
2785
2786
2800
2787
2801
2787
2788
2802
2789
2803
2789
2790
2804
2791
2805
2791
2792
2806
2793
2807
2793
2794
2808
2795
2809
2795
2796
2810
2797
2811
2797
2798
2812
2799
2813
2799
2814
2815
2801
2802
2816
2803
2817
2803
2804
2818
2805
2819
2805
2806
2820
2807
2821
2807
2808
2822
2809
2823
2809
2810
2824
2811
2825
2811
2812
2826
2813
2827
2813
2814
2828
2815
2829
2815
2830
2831
2817
2818
2832
2819
2833
2819
2820
2834
2821
2835
2821
2822
2836
2823
2837
2823
2824
2838
2825
2839
2825
2826
2840
2827
2841
2827
2828
2842
2829
2843
2829
2830
2844
2831
2845
2831
2846
2847
2833
2834
2848
2835
2849
2835
2836
2850
2837
2851
2837
2838
2852
2839
2853
2839
2840
2854
2841
2855
2841
2842
2856
2843
2857
2843
2844
2858
2845
2859
2845
2846
2860
2847
2861
2847
2862
2863
2849
2850
2864
2851
2865
2851
2852
2866
2853
2867
2853
2854
2868
2855
2869
2855
2856
2870
2857
2871
2857
2858
2872
2859
2873
2859
2860
2874
2861
2875
2861
2862
2876
2863
2877
2863
2878
2879
2865
2866
2880
2867
2881
2867
2868
2882
2869
2883
2869
2870
2884
2871
2885
2871
2872
2886
2873
2887
2873
2874
2888
2875
2889
2875
2876
2890
2877
2891
2877
2878
2892
2879
2893
2879
2894
2895
2881
2882
2896
2883
2897
2883
2884
2898
2885
2899
2885
2886
2900
2887
2901
2887
2888
2902
2889
2903
2889
2890
2904
2891
2905
2891
2892
2906
2893
2907
2893
2894
2908
2895
2909
2895
2910
2911
2897
2898
2912
2899
2913
2899
2900
2914
2901
2915
2901
2902
2916
2903
2917
2903
2904
2918
2905
2919
2905
2906
2920
2907
2921
2907
2908
2922
2909
2923
2909
2910
2924
2911
2925
2911
2926
2927
2913
2914
2928
2915
2929
2915
2916
2930
2917
2931
2917
2918
2932
2919
2933
2919
2920
2934
2921
2935
2921
2922
2936
2923
2937
2923
2924
2938
2925
2939
2925
2926
2940
2927
2941
2927
2942
2943
2929
2930
2944
2931
2945
2931
2932
2946
2933
2947
2933
2934
2948
2935
2949
2935
2936
2950
2937
2951
2937
2938
2952
2939
2953
2939
2940
2954
2941
2955
2941
2942
2956
2943
2957
2943
2958
2959
2945
2946
2960
2947
2961
2947
2948
2962
2949
2963
2949
2950
2964
2951
2965
2951
2952
2966
2953
2967
2953
2954
2968
2955
2969
2955
2956
2970
2957
2971
2957
2958
2972
2959
2973
2959
2974
2975
2961
2962
2976
2963
2977
2963
2964
2978
2965
2979
2965
2966
2980
2967
2981
2967
2968
2982
2969
2983
2969
2970
2984
2971
2985
2971
2972
2986
2973
2987
2973
2974
2988
2975
2989
2975
2990
2991
2977
2978
2992
2979
2993
2979
2980
2994
2981
2995
2981
2982
2996
2983
2997
2983
2984
2998
2985
2999
2985
2986
3000
2987
3001
2987
2988
3002
2989
3003
2989
2990
3004
2991
3005
2991
3006
3007
2993
2994
3008
2995
3009
2995
2996
3010
2997
3011
2997
2998
3012
2999
3013
2999
3000
3014
3001
3015
3001
3002
3016
3003
3017
3003
3004
3018
3005
3019
3005
3006
3020
3007
3021
3007
3022
3023
3009
3010
3024
3011
3025
3011
3012
3026
3013
3027
3013
3014
3028
3015
3029
3015
3016
3030
3017
3031
3017
3018
3032
3019
3033
3019
3020
3034
3021
3035
3021
3022
3036
3023
3037
3023
3038
3039
3025
3026
3040
3027
3041
3027
3028
3042
3029
3043
3029
3030
3044
3031
3045
3031
3032
3046
3033
3047
3033
3034
3048
3035
3049
3035
3036
3050
3037
3051
3037
3038
3052
3039
3053
3039
3054
3055
3041
3042
3056
3043
3057
3043
3044
3058
3045
3059
3045
3046
3060
3047
3061
3047
3048
3062
3049
3063
3049
3050
3064
3051
3065
3051
3052
3066
3053
3067
3053
3054
3068
3055
3069
3055
3070
3071
3057
3058
3072
3059
3073
3059
3060
3074
3061
3075
3061
3062
3076
3063
3077
3063
3064
3078
3065
3079
3065
3066
3080
3067
3081
3067
3068
3082
3069
3083
3069
3070
3084
3071
3085
3071
3086
3087
3073
3074
3088
3075
3089
3075
3076
3090
3077
3091
3077
3078
3092
3079
3093
3079
3080
3094
3081
3095
3081
3082
3096
3083
3097
3083
3084
3098
3085
3099
3085
3086
3100
3087
3101
3087
3102
3103
3089
3090
3104
3091
3105
3091
3092
3106
3093
3107
3093
3094
3108
3095
3109
3095
3096
3110
3097
3111
3097
3098
3112
3099
3113
3099
3100
3114
3101
3115
3101
3102
3116
3103
3117
3103
3118
3119
3105
3106
3120
3107
3121
3107
3108
3122
3109
3123
3109
3110
3124
3111
3125
3111
3112
3126
3113
3127
3113
3114
3128
3115
3129
3115
3116
3130
3117
3131
3117
3118
3132
3119
3133
3119
3134
3135
3121
3122
3136
3123
3137
3123
3124
3138
3125
3139
3125
3126
3140
3127
3141
3127
3128
3142
3129
3143
3129
3130
3144
3131
3145
3131
3132
3146
3133
3147
3133
3134
3148
3135
3149
3135
3150
3151
3137
3138
3152
3139
3153
3139
3140
3154
3141
3155
3141
3142
3156
3143
3157
3143
3144
3158
3145
3159
3145
3146
3160
3147
3161
3147
3148
3162
3149
3163
3149
3150
3164
3151
3165
3151
3166
3167
3153
3154
3168
3155
3169
3155
3156
3170
3157
3171
3157
3158
3172
3159
3173
3159
3160
3174
3161
3175
3161
3162
3176
3163
3177
3163
3164
3178
3165
3179
3165
3166
3180
3167
3181
3167
3182
3183
3169
3170
3184
3171
3185
3171
3172
3186
3173
3187
3173
3174
3188
3175
3189
3175
3176
3190
3177
3191
3177
3178
3192
3179
3193
3179
3180
3194
3181
3195
3181
3182
3196
3183
3197
3183
3198
3199
3185
3186
3200
3187
3201
3187
3188
3202
3189
3203
3189
3190
3204
3191
3205
3191
3192
3206
3193
3207
3193
3194
3208
3195
3209
3195
3196
3210
3197
3211
3197
3198
3212
3199
3213
3199
3214
3215
3201
3202
3216
3203
3217
3203
3204
3218
3205
3219
3205
3206
3220
3207
3221
3207
3208
3222
3209
3223
3209
3210
3224
3211
3225
3211
3212
3226
3213
3227
3213
3214
3228
3215
3229
3215
3230
3231
3217
3218
3232
3219
3233
3219
3220
3234
3221
3235
3221
3222
3236
3223
3237
3223
3224
3238
3225
3239
3225
3226
3240
3227
3241
3227
3228
3242
3229
3243
3229
3230
3244
3231
3245
3231
3246
3247
3233
3234
3248
3235
3249
3235
3236
3250
3237
3251
3237
3238
3252
3239
3253
3239
3240
3254
3241
3255
3241
3242
3256
3243
3257
3243
3244
3258
3245
3259
3245
3246
3260
3247
3261
3247
3262
3263
3249
3250
3264
3251
3265
3251
3252
3266
3253
3267
3253
3254
3268
3255
3269
3255
3256
3270
3257
3271
3257
3258
3272
3259
3273
3259
3260
3274
3261
3275
3261
3262
3276
3263
3277
3263
3278
3279
3265
3266
3280
3267
3281
3267
3268
3282
3269
3283
3269
3270
3284
3271
3285
3271
3272
3286
3273
3287
3273
3274
3288
3275
3289
3275
3276
3290
3277
3291
3277
3278
3292
3279
3293
3279
3294
3295
3281
3282
3296
3283
3297
3283
3284
3298
3285
3299
3285
3286
3300
3287
3301
3287
3288
3302
3289
3303
3289
3290
3304
3291
3305
3291
3292
3306
3293
3307
3293
3294
3308
3295
3309
3295
3310
3311
3297
3298
3312
3299
3313
3299
3300
3314
3301
3315
3301
3302
3316
3303
3317
3303
3304
3318
3305
3319
3305
3306
3320
3307
3321
3307
3308
3322
3309
3323
3309
3310
3324
3311
3325
3311
3326
3327
3313
3314
3328
3315
3329
3315
3316
3330
3317
3331
3317
3318
3332
3319
3333
3319
3320
3334
3321
3335
3321
3322
3336
3323
3337
3323
3324
3338
3325
3339
3325
3326
3340
3327
3341
3327
3342
3343
3329
3330
3344
3331
3345
3331
3332
3346
3333
3347
3333
3334
3348
3335
3349
3335
3336
3350
3337
3351
3337
3338
3352
3339
3353
3339
3340
3354
3341
3355
3341
3342
3356
3343
3357
3343
3358
3359
3345
3346
3360
3347
3361
3347
3348
3362
3349
3363
3349
3350
3364
3351
3365
3351
3352
3366
3353
3367
3353
3354
3368
3355
3369
3355
3356
3370
3357
3371
3357
3358
3372
3359
3373
3359
3374
3375
3361
3362
3376
3363
3377
3363
3364
3378
3365
3379
3365
3366
3380
3367
3381
3367
3368
3382
3369
3383
3369
3370
3384
3371
3385
3371
3372
3386
3373
3387
3373
3374
3388
3375
3389
3375
3390
3391
3377
3378
3392
3379
3393
3379
3380
3394
3381
3395
3381
3382
3396
3383
3397
3383
3384
3398
3385
3399
3385
3386
3400
3387
3401
3387
3388
3402
3389
3403
3389
3390
3404
3391
3405
3391
3406
3407
3393
3394
3408
3395
3409
3395
3396
3410
3397
3411
3397
3398
3412
3399
3413
3399
3400
3414
3401
3415
3401
3402
3416
3403
3417
3403
3404
3418
3405
3419
3405
3406
3420
3407
3421
3407
3422
3423
3409
3410
3424
3411
3425
3411
3412
3426
3413
3427
3413
3414
3428
3415
3429
3415
3416
3430
3417
3431
3417
3418
3432
3419
3433
3419
3420
3434
3421
3435
3421
3422
3436
3423
3437
3423
3438
3439
3425
3426
3440
3427
3441
3427
3428
3442
3429
3443
3429
3430
3444
3431
3445
3431
3432
3446
3433
3447
3433
3434
3448
3435
3449
3435
3436
3450
3437
3451
3437
3438
3452
3439
3453
3439
3454
3455
3441
3442
3456
3443
3457
3443
3444
3458
3445
3459
3445
3446
3460
3447
3461
3447
3448
3462
3449
3463
3449
3450
3464
3451
3465
3451
3452
3466
3453
3467
3453
3454
3468
3455
3469
3455
3470
3471
3457
3458
3472
3459
3473
3459
3460
3474
3461
3475
3461
3462
3476
3463
3477
3463
3464
3478
3465
3479
3465
3466
3480
3467
3481
3467
3468
3482
3469
3483
3469
3470
3484
3471
3485
3471
3486
3487
3473
3474
3488
3475
3489
3475
3476
3490
3477
3491
3477
3478
3492
3479
3493
3479
3480
3494
3481
3495
3481
3482
3496
3483
3497
3483
3484
3498
3485
3499
3485
3486
3500
3487
3501
3487
3502
3503
3489
3490
3504
3491
3505
3491
3492
3506
3493
3507
3493
3494
3508
3495
3509
3495
3496
3510
3497
3511
3497
3498
3512
3499
3513
3499
3500
3514
3501
3515
3501
3502
3516
3503
3517
3503
3518
3519
3505
3506
3520
3507
3521
3507
3508
3522
3509
3523
3509
3510
3524
3511
3525
3511
3512
3526
3513
3527
3513
3514
3528
3515
3529
3515
3516
3530
3517
3531
3517
3518
3532
3519
3533
3519
3534
3535
3521
3522
3536
3523
3537
3523
3524
3538
3525
3539
3525
3526
3540
3527
3541
3527
3528
3542
3529
3543
3529
3530
3544
3531
3545
3531
3532
3546
3533
3547
3533
3534
3548
3535
3549
3535
3550
3551
3537
3538
3552
3539
3553
3539
3540
3554
3541
3555
3541
3542
3556
3543
3557
3543
3544
3558
3545
3559
3545
3546
3560
3547
3561
3547
3548
3562
3549
3563
3549
3550
3564
3551
3565
3551
3566
3567
3553
3554
3568
3555
3569
3555
3556
3570
3557
3571
3557
3558
3572
3559
3573
3559
3560
3574
3561
3575
3561
3562
3576
3563
3577
3563
3564
3578
3565
3579
3565
3566
3580
3567
3581
3567
3582
3583
3569
3570
3584
3571
3585
3571
3572
3586
3573
3587
3573
3574
3588
3575
3589
3575
3576
3590
3577
3591
3577
3578
3592
3579
3593
3579
3580
3594
3581
3595
3581
3582
3596
3583
3597
3583
3598
3599
3585
3586
3600
3587
3601
3587
3588
3602
3589
3603
3589
3590
3604
3591
3605
3591
3592
3606
3593
3607
3593
3594
3608
3595
3609
3595
3596
3610
3597
3611
3597
3598
3612
3599
3613
3599
3614
3615
3601
3602
3616
3603
3617
3603
3604
3618
3605
3619
3605
3606
3620
3607
3621
3607
3608
3622
3609
3623
3609
3610
3624
3611
3625
3611
3612
3626
3613
3627
3613
3614
3628
3615
3629
3615
3630
3631
3617
3618
3632
3619
3633
3619
3620
3634
3621
3635
3621
3622
3636
3623
3637
3623
3624
3638
3625
3639
3625
3626
3640
3627
3641
3627
3628
3642
3629
3643
3629
3630
3644
3631
3645
3631
3646
3647
3633
3634
3648
3635
3649
3635
3636
3650
3637
3651
3637
3638
3652
3639
3653
3639
3640
3654
3641
3655
3641
3642
3656
3643
3657
3643
3644
3658
3645
3659
3645
3646
3660
3647
3661
3647
3662
3663
3649
3650
3664
3651
3665
3651
3652
3666
3653
3667
3653
3654
3668
3655
3669
3655
3656
3670
3657
3671
3657
3658
3672
3659
3673
3659
3660
3674
3661
3675
3661
3662
3676
3663
3677
3663
3678
3679
3665
3666
3680
3667
3681
3667
3668
3682
3669
3683
3669
3670
3684
3671
3685
3671
3672
3686
3673
3687
3673
3674
3688
3675
3689
3675
3676
3690
3677
3691
3677
3678
3692
3679
3693
3679
3694
3695
3681
3682
3696
3683
3697
3683
3684
3698
3685
3699
3685
3686
3700
3687
3701
3687
3688
3702
3689
3703
3689
3690
3704
3691
3705
3691
3692
3706
3693
3707
3693
3694
3708
3695
3709
3695
3710
3711
3697
3698
3712
3699
3713
3699
3700
3714
3701
3715
3701
3702
3716
3703
3717
3703
3704
3718
3705
3719
3705
3706
3720
3707
3721
3707
3708
3722
3709
3723
3709
3710
3724
3711
3725
3711
3726
3727
3713
3714
3728
3715
3729
3715
3716
3730
3717
3731
3717
3718
3732
3719
3733
3719
3720
3734
3721
3735
3721
3722
3736
3723
3737
3723
3724
3738
3725
3739
3725
3726
3740
3727
3741
3727
3742
3743
3729
3730
3744
3731
3745
3731
3732
3746
3733
3747
3733
3734
3748
3735
3749
3735
3736
3750
3737
3751
3737
3738
3752
3739
3753
3739
3740
3754
3741
3755
3741
3742
3756
3743
3757
3743
3758
3759
3745
3746
3760
3747
3761
3747
3748
3762
3749
3763
3749
3750
3764
3751
3765
3751
3752
3766
3753
3767
3753
3754
3768
3755
3769
3755
3756
3770
3757
3771
3757
3758
3772
3759
3773
3759
3774
3775
3761
3762
3776
3763
3777
3763
3764
3778
3765
3779
3765
3766
3780
3767
3781
3767
3768
3782
3769
3783
3769
3770
3784
3771
3785
3771
3772
3786
3773
3787
3773
3774
3788
3775
3789
3775
3790
3791
3777
3778
3792
3779
3793
3779
3780
3794
3781
3795
3781
3782
3796
3783
3797
3783
3784
3798
3785
3799
3785
3786
3800
3787
3801
3787
3788
3802
3789
3803
3789
3790
3804
3791
3805
3791
3806
3807
3793
3794
3808
3795
3809
3795
3796
3810
3797
3811
3797
3798
3812
3799
3813
3799
3800
3814
3801
3815
3801
3802
3816
3803
3817
3803
3804
3818
3805
3819
3805
3806
3820
3807
3821
3807
3822
3823
3809
3810
3824
3811
3825
3811
3812
3826
3813
3827
3813
3814
3828
3815
3829
3815
3816
3830
3817
3831
3817
3818
3832
3819
3833
3819
3820
3834
3821
3835
3821
3822
3836
3823
3837
3823
3838
3839
3825
3826
3827
3827
3828
3829
3829
3830
3831
3831
3832
3833
3833
3834
3835
3835
3836
3837
3837
3838
3839
3839
)
